MAJOR:

373 4 22 30 6 2 0 0 6 1 1 0 0 1 1 0 8 1 0 0 
52 205 0 0 0 0 0 1 0 2 0 3 0 0 0 0 0 1 3 0 
0 4 137 3 0 0 5 3 3 4 2 2 0 0 2 1 0 0 0 0 
4 5 0 136 0 2 4 2 1 1 3 0 0 0 1 1 1 0 1 0 
0 0 0 0 129 1 0 2 0 0 5 0 0 0 0 11 0 0 0 0 
7 8 0 0 1 104 3 0 0 0 0 0 0 0 0 0 0 2 0 0 
0 8 0 0 1 16 92 0 0 0 0 2 0 0 2 0 0 0 2 0 
0 18 0 0 0 5 1 90 0 0 0 6 0 0 1 0 0 0 0 1 
1 0 0 0 1 4 0 0 67 0 1 2 2 0 0 0 0 0 0 0 
0 1 0 0 0 0 5 12 0 51 0 0 2 0 0 0 0 0 0 0 
1 1 0 0 9 0 0 0 0 3 79 0 0 2 2 0 0 0 0 0 
7 0 0 0 0 0 0 0 0 0 0 54 0 0 0 0 0 2 0 0 
2 0 0 0 2 0 0 0 2 1 0 0 45 10 1 0 0 0 0 0 
0 1 2 0 0 0 0 4 0 3 0 1 0 57 0 0 0 0 0 0 
0 0 0 0 0 0 7 0 0 1 0 0 0 0 54 0 0 0 0 0 
1 0 0 0 0 0 0 0 0 1 0 0 2 3 0 34 0 0 0 0 
0 0 0 0 0 0 0 0 2 0 0 3 1 0 0 0 31 0 2 0 
1 0 2 0 0 0 0 0 8 0 0 0 0 0 0 0 2 49 0 0 
7 0 0 0 0 0 0 0 0 0 1 0 0 0 0 0 0 2 29 0 
0 2 0 0 0 1 0 0 0 0 0 0 0 0 0 0 0 0 0 36 

362 9 25 21 8 0 0 0 5 5 0 2 0 0 0 0 6 2 0 0 
48 201 0 0 0 1 0 1 0 4 0 1 3 1 0 0 0 0 1 0 
0 10 127 3 8 0 6 0 1 1 0 0 0 0 0 1 0 1 0 0 
0 4 0 144 0 1 4 0 3 1 2 0 0 0 0 0 1 0 0 0 
3 3 0 0 109 0 0 3 1 0 10 1 2 0 1 12 0 0 0 0 
8 8 1 0 2 98 0 1 0 0 0 0 0 0 1 0 0 1 2 1 
0 14 0 0 0 17 83 0 0 0 0 0 0 0 1 0 0 0 3 0 
0 10 0 0 0 4 1 103 0 0 0 1 0 0 0 0 0 0 0 0 
0 0 0 0 0 2 0 0 76 0 5 1 3 0 0 0 0 0 0 0 
0 0 0 0 0 0 5 12 0 52 0 0 0 0 0 1 0 0 0 2 
0 0 2 0 2 1 0 0 0 2 82 0 3 2 0 0 0 0 0 0 
8 0 4 0 0 0 0 0 0 4 0 52 0 0 0 0 0 10 0 0 
0 0 0 0 0 0 0 0 0 0 0 0 51 5 1 0 0 0 0 0 
0 1 0 0 0 0 2 5 0 1 0 1 1 62 0 0 0 0 0 0 
1 0 0 0 0 0 8 7 0 0 0 0 0 0 60 0 0 0 0 1 
1 2 0 1 0 0 0 0 0 1 0 0 2 4 0 37 0 0 0 0 
0 0 0 0 2 0 0 0 0 0 0 2 0 0 0 0 34 0 0 0 
2 0 5 0 0 0 0 0 7 0 0 0 0 0 0 0 0 42 1 0 
2 3 0 0 0 0 0 0 1 0 0 0 0 0 0 0 0 4 31 0 
0 0 0 0 0 1 0 0 0 0 0 0 0 0 0 0 0 0 0 34 

362 4 22 26 5 0 0 0 4 4 2 0 0 0 0 0 4 1 0 0 
61 195 3 0 0 1 0 0 0 2 0 1 0 1 0 0 0 3 3 0 
0 6 109 3 5 1 12 2 4 3 1 1 2 1 3 1 0 1 0 0 
3 8 4 118 6 0 6 4 0 1 0 0 0 1 0 0 2 0 0 0 
2 0 0 0 121 1 1 1 0 0 6 0 0 0 0 6 0 0 0 0 
9 4 0 0 1 100 2 0 0 0 0 1 0 0 0 0 0 2 0 0 
0 6 1 0 0 17 85 0 0 0 0 0 0 0 1 0 0 0 1 1 
0 17 0 0 0 6 2 112 0 0 0 2 0 0 0 0 0 0 0 0 
1 0 0 0 1 3 0 0 81 0 2 3 1 0 0 0 0 0 2 0 
0 1 0 0 0 0 5 4 0 62 0 0 1 0 0 1 0 0 0 0 
1 1 0 2 6 2 0 0 0 1 78 0 1 0 1 0 0 0 0 0 
11 0 1 0 1 0 0 0 0 1 0 46 0 0 0 0 0 3 0 0 
2 0 1 0 2 0 0 0 2 0 0 0 52 7 0 0 0 0 0 0 
1 0 1 1 0 0 0 1 0 6 0 1 0 63 0 0 0 0 0 0 
0 0 0 0 0 0 5 0 0 0 2 0 0 0 57 0 0 0 0 1 
1 1 0 0 0 0 0 1 0 1 0 2 2 2 0 42 0 0 0 0 
0 0 0 0 0 1 0 0 0 0 0 1 1 0 0 0 34 0 0 0 
1 0 2 0 0 0 0 0 6 0 0 0 0 0 0 0 5 47 0 0 
4 0 0 0 0 0 0 0 1 0 0 0 0 0 0 0 0 3 31 0 
0 4 0 0 0 2 0 0 0 0 0 0 0 0 0 0 0 0 2 34 

363 5 30 36 7 1 1 0 7 6 2 1 0 0 0 0 2 1 0 0 
56 185 1 0 0 0 0 1 0 2 0 0 2 1 0 0 0 0 0 0 
0 8 111 4 0 0 2 3 2 2 0 1 0 0 0 4 1 0 0 0 
1 6 2 110 5 2 5 2 0 0 3 0 0 0 1 0 0 0 0 0 
4 0 1 0 126 1 0 4 0 0 11 0 3 0 0 4 0 0 0 0 
11 4 1 0 2 102 2 1 0 0 0 2 0 0 0 0 0 3 0 0 
0 14 0 0 0 13 92 0 0 0 0 1 0 0 0 0 0 0 0 2 
0 22 0 0 0 6 0 93 0 0 0 3 0 0 0 0 0 0 0 0 
0 1 0 0 0 2 0 0 72 0 4 3 6 0 0 0 1 0 2 0 
0 1 0 0 0 0 7 12 0 57 0 0 0 0 0 1 0 0 0 3 
1 0 1 0 3 0 0 0 0 3 78 0 1 1 1 0 0 0 0 0 
14 0 1 0 0 0 0 0 0 1 0 45 0 0 0 0 0 3 0 0 
0 0 2 0 0 0 0 0 1 0 0 1 47 7 1 0 0 0 0 0 
0 4 2 2 0 0 1 1 0 3 0 0 0 56 0 0 0 0 0 0 
0 0 0 0 0 0 7 1 0 1 0 0 0 0 55 1 0 0 0 0 
0 0 0 0 0 1 0 0 0 0 0 1 1 3 0 35 0 0 0 0 
2 2 0 0 0 0 0 2 2 0 0 1 3 0 0 0 33 0 0 0 
0 0 1 0 0 0 0 0 4 0 0 0 0 0 0 0 1 54 0 0 
3 1 0 0 0 0 0 0 1 0 0 0 0 0 0 0 0 1 35 0 
0 3 0 0 0 1 0 0 0 0 0 0 0 0 0 0 0 0 0 32 


MINOR:

360 1 26 28 4 0 0 0 3 3 1 1 0 0 0 0 8 1 0 0 
49 175 1 0 0 0 0 1 0 2 0 0 1 1 0 0 0 2 2 0 
0 7 131 2 5 0 6 3 3 2 1 1 0 0 0 0 0 1 0 0 
5 8 3 141 1 2 3 1 0 1 3 0 0 0 0 1 0 0 0 0 
3 0 0 0 136 1 0 1 0 0 6 1 2 0 0 8 0 0 0 0 
8 8 0 0 2 91 0 1 0 0 0 0 0 0 0 0 0 1 0 0 
0 13 0 0 0 20 82 0 0 0 0 2 0 0 0 0 0 0 2 0 
0 21 0 0 0 6 0 91 0 0 0 5 0 0 0 0 0 0 0 1 
1 0 0 0 1 3 0 0 79 0 2 2 4 0 0 0 0 0 2 0 
0 1 0 0 0 0 3 6 0 52 0 0 1 0 0 0 0 0 0 1 
1 1 0 0 6 2 0 0 0 2 81 0 0 2 0 0 0 0 0 0 
10 0 0 0 0 0 0 0 0 0 0 45 0 0 0 0 0 3 0 0 
1 0 1 0 1 0 0 0 1 1 0 1 47 7 0 0 0 0 0 0 
1 1 2 2 0 0 0 5 0 7 0 1 0 57 0 0 0 0 0 0 
0 0 0 0 0 0 4 1 0 2 1 0 0 0 55 0 0 0 0 2 
0 0 0 0 0 0 0 0 0 1 0 0 2 3 0 39 0 0 0 0 
0 0 0 0 0 0 0 0 1 0 0 1 5 0 0 0 45 0 2 0 
1 0 4 0 0 0 0 0 6 0 0 0 0 0 0 0 5 48 0 0 
6 0 0 0 0 0 0 0 1 0 0 0 0 0 0 0 0 2 29 0 
0 2 0 0 0 1 0 0 0 0 0 0 0 0 0 0 0 0 0 41 

370 9 17 22 8 3 0 0 6 3 2 0 0 0 0 0 5 1 0 0 
43 190 1 0 0 0 0 1 0 2 0 0 2 1 0 0 0 0 2 0 
0 7 122 5 4 0 9 0 3 1 0 1 2 0 4 3 0 1 0 0 
1 5 7 137 3 0 6 5 0 1 3 0 0 0 1 0 0 0 0 0 
2 0 1 1 129 1 0 4 0 0 10 0 4 0 0 1 0 0 0 0 
5 3 1 0 1 104 2 0 0 0 0 0 0 0 1 0 0 1 2 1 
0 10 0 0 0 12 71 0 0 0 0 0 0 0 2 0 0 0 2 1 
0 13 0 0 0 8 2 87 0 0 0 1 0 0 1 0 0 0 0 0 
0 0 0 0 1 3 0 0 74 0 2 3 4 0 0 0 0 1 2 0 
0 1 0 0 0 0 8 14 0 53 0 0 0 0 0 1 0 0 0 1 
1 0 1 0 3 0 0 0 0 1 84 0 0 1 2 0 0 0 0 0 
9 0 1 0 1 1 0 0 0 1 0 47 0 0 0 0 0 6 0 0 
3 0 2 0 1 0 0 0 1 0 0 0 47 11 2 0 0 0 0 0 
0 2 1 0 0 0 2 2 0 3 0 0 0 58 0 0 0 0 0 0 
0 0 0 0 0 0 10 1 0 0 0 0 0 0 47 0 0 0 0 0 
1 0 0 1 0 0 0 1 0 1 0 0 2 3 0 37 0 0 0 0 
0 0 0 2 3 0 0 2 1 0 0 3 0 0 0 0 45 0 0 0 
1 0 3 0 0 0 0 0 2 0 0 0 0 0 0 0 1 51 0 0 
3 1 0 0 0 1 0 0 0 0 0 0 0 0 0 0 0 1 34 0 
0 2 0 0 0 3 0 0 0 0 0 0 0 0 0 0 0 0 3 34 

339 5 30 26 6 0 1 0 6 5 1 2 0 1 0 0 9 1 0 0 
52 186 0 0 0 1 0 0 0 4 0 3 1 0 0 0 0 2 3 0 
0 7 120 3 1 1 5 2 1 3 2 2 0 0 0 4 0 0 0 0 
2 4 3 128 3 0 7 2 1 1 2 0 0 0 1 0 0 0 0 0 
1 2 3 0 136 0 1 1 0 0 7 0 0 0 1 10 0 0 0 0 
15 3 0 0 2 105 1 1 0 0 0 1 0 0 0 0 0 3 0 0 
0 9 0 0 0 16 90 0 0 0 0 0 0 0 1 0 0 0 1 2 
0 19 0 0 0 2 2 93 0 0 0 4 0 0 0 0 0 0 0 0 
1 1 1 0 1 2 0 0 69 0 5 3 2 0 0 0 0 0 0 0 
0 1 0 0 0 0 6 6 0 48 0 0 2 0 0 1 0 0 0 0 
1 1 0 1 8 0 0 0 0 5 76 0 4 2 1 0 0 0 0 0 
7 0 1 0 0 0 0 0 0 0 0 50 0 0 0 0 0 2 0 0 
1 0 0 0 1 0 0 0 0 0 0 0 51 6 1 0 0 0 0 0 
0 0 1 0 0 0 0 3 0 2 0 2 1 60 0 0 0 0 0 1 
1 0 0 0 0 0 8 5 0 0 0 0 0 0 54 1 0 0 0 0 
1 2 0 0 0 0 0 0 0 1 0 0 2 3 0 28 0 0 0 0 
0 0 0 0 1 1 0 0 0 0 0 2 1 0 0 0 44 0 0 0 
1 0 0 0 0 0 0 0 9 0 0 0 0 0 0 0 2 50 0 0 
3 2 0 0 0 0 0 0 0 0 0 0 0 0 0 0 0 2 41 0 
0 5 0 0 0 1 0 0 0 0 0 0 0 0 0 0 0 0 2 30 

337 6 22 29 11 0 0 0 6 2 1 0 0 0 1 0 2 2 0 0 
53 182 2 0 0 1 0 1 0 2 0 2 1 1 0 0 0 0 0 0 
0 7 128 6 0 0 5 2 3 4 0 0 0 1 1 0 0 0 0 0 
1 6 4 135 5 1 2 1 0 0 1 0 0 1 0 0 0 0 0 0 
3 1 2 0 132 1 0 4 0 0 10 0 2 0 0 9 0 0 0 0 
10 5 1 0 1 93 3 0 0 0 0 2 0 0 0 0 0 3 0 0 
0 9 1 0 1 12 99 0 0 0 0 1 0 0 1 0 0 0 1 0 
0 7 0 0 0 5 0 102 0 0 0 2 0 0 0 0 0 0 0 0 
0 0 0 0 0 3 0 0 71 0 3 1 1 0 0 0 0 1 0 0 
0 0 0 0 0 0 5 10 0 53 0 0 0 0 0 1 0 0 0 3 
0 0 2 1 3 1 0 0 0 1 78 0 1 0 1 0 0 0 0 0 
15 0 1 0 0 0 0 0 0 2 0 49 0 0 0 0 0 7 0 0 
0 0 0 0 1 0 0 0 2 0 0 0 52 8 0 0 0 0 0 0 
0 3 1 0 0 0 1 1 0 1 0 0 0 63 0 0 0 0 0 1 
0 0 0 0 0 0 4 1 0 0 1 0 0 0 58 0 0 0 0 0 
1 1 0 0 0 0 0 0 0 0 0 0 1 3 0 37 0 0 0 0 
2 2 2 2 1 0 0 0 2 0 0 1 0 0 0 0 45 0 0 0 
3 0 3 0 0 0 0 0 8 0 0 0 0 0 0 0 0 45 1 0 
6 1 0 0 0 0 0 0 1 0 1 0 0 0 0 0 0 5 36 0 
0 0 0 0 0 0 0 0 0 0 0 0 0 0 0 0 0 0 0 37 