1 4 23 23 4 1 0 0 4 7 1 0 0 0 0 0 11 2 0 0 
53 3 2 0 0 0 0 0 0 2 0 4 0 0 0 0 0 2 0 0 
0 9 0 5 4 1 10 1 5 3 2 2 0 1 3 2 0 1 0 0 
2 10 2 1 3 2 7 4 1 1 2 0 0 0 1 0 0 0 0 0 
4 0 0 0 7 1 0 3 0 0 8 0 2 0 0 10 0 0 0 0 
12 8 0 0 1 0 2 0 0 0 0 0 0 0 0 0 0 2 0 0 
0 8 0 0 0 19 0 0 0 0 0 2 0 0 2 0 0 0 2 1 
0 19 0 0 0 5 2 0 0 0 0 5 0 0 1 0 0 0 0 0 
1 0 0 0 1 2 0 0 1 0 1 5 4 0 0 0 0 1 2 0 
0 1 0 0 0 0 7 7 0 0 0 0 1 0 0 1 0 0 0 0 
1 1 0 1 1 2 0 0 0 2 3 0 0 4 1 0 0 0 0 0 
12 0 0 0 1 0 0 0 0 0 0 0 0 0 0 0 0 2 0 0 
2 0 0 0 2 0 0 0 1 1 0 0 0 9 1 0 0 0 0 0 
1 0 2 0 0 0 0 1 0 4 0 1 0 0 0 0 0 0 0 0 
0 0 0 0 0 0 5 0 0 1 1 0 0 0 0 0 0 0 0 1 
1 1 0 0 0 0 0 1 0 1 0 2 5 3 0 0 0 0 0 0 
0 0 0 0 0 1 0 0 1 0 0 2 3 0 0 0 1 0 0 0 
1 0 2 0 0 0 0 0 5 0 0 0 0 0 0 0 4 0 0 0 
4 0 0 0 0 0 0 0 1 0 0 0 0 0 0 0 0 1 1 0 
0 2 0 0 0 1 0 0 0 0 0 0 0 0 0 0 0 0 1 0 


1 10 28 18 9 0 1 0 7 3 1 2 0 1 0 0 4 2 0 0 
56 1 2 0 0 0 0 1 0 2 0 1 2 1 0 0 0 0 1 0 
0 6 1 3 0 0 3 2 2 1 0 1 0 0 0 4 0 0 0 0 
0 5 0 1 0 1 1 1 0 1 2 0 0 0 1 0 0 0 0 0 
1 1 1 0 4 1 0 1 0 0 8 0 4 0 0 8 0 0 0 0 
7 5 1 0 2 1 1 1 0 0 0 0 0 0 1 0 0 1 2 1 
0 16 0 0 0 14 0 0 0 0 0 0 0 0 0 0 0 0 3 2 
0 15 0 0 0 1 1 0 0 0 0 1 0 0 0 0 0 0 0 0 
0 1 0 0 0 4 0 0 0 0 6 2 3 0 0 0 0 0 0 0 
0 1 0 0 0 0 8 13 0 0 0 0 0 0 0 1 0 0 0 3 
1 0 2 0 9 0 0 0 0 2 0 0 0 0 0 0 0 0 0 0 
15 0 4 0 0 1 0 0 0 4 0 0 0 0 0 0 0 8 0 0 
3 0 0 0 0 0 0 0 1 0 0 0 0 10 0 0 0 0 0 0 
0 4 1 2 0 0 2 4 0 2 0 1 0 0 0 0 0 0 0 0 
1 0 0 0 0 0 9 6 0 1 0 0 0 0 0 1 0 0 0 0 
0 0 0 0 0 1 0 0 0 1 0 1 0 4 0 0 0 0 0 0 
0 2 0 0 2 0 0 2 1 0 0 1 0 0 0 0 2 0 0 0 
2 0 5 0 0 0 0 0 3 0 0 0 0 0 0 0 1 0 0 0 
2 2 0 0 0 1 0 0 0 0 0 0 0 0 0 0 0 5 0 0 
0 1 0 0 0 1 0 0 0 0 0 0 0 0 0 0 0 0 2 1 


0 3 21 37 5 1 0 0 7 2 1 0 0 0 1 0 6 0 0 0 
68 0 0 0 0 1 0 0 0 2 0 0 0 1 0 0 0 2 3 0 
0 9 1 1 3 0 7 4 2 4 1 1 2 0 2 0 0 0 0 0 
5 2 3 0 3 0 3 2 0 1 1 0 0 1 0 1 0 0 0 0 
3 0 0 0 6 1 1 4 0 0 11 0 0 0 0 6 0 0 0 0 
8 5 0 0 1 1 4 0 0 0 0 1 0 0 0 0 0 2 0 0 
0 9 1 0 1 15 0 0 0 0 0 0 0 0 1 0 0 0 1 0 
0 15 0 0 0 10 1 0 0 0 0 3 0 0 0 0 0 0 0 1 
1 0 0 0 1 3 0 0 0 0 3 1 1 0 0 0 0 1 1 0 
0 1 0 0 0 0 3 9 0 0 0 0 2 0 0 0 0 0 0 0 
0 1 0 1 2 0 0 0 0 2 5 0 1 0 2 0 0 0 0 0 
7 0 2 0 0 0 0 0 0 1 0 0 0 0 0 0 0 3 0 0 
0 0 1 0 2 0 0 0 0 0 0 1 1 5 0 0 0 0 0 0 
0 1 1 1 0 0 0 4 0 5 0 1 0 0 0 0 0 0 0 1 
0 0 0 0 0 0 3 0 0 0 1 0 0 0 0 0 0 0 0 0 
1 0 0 0 0 0 0 0 0 1 0 0 1 3 0 1 0 0 0 0 
0 0 0 0 1 0 0 0 0 0 0 1 3 0 0 0 0 0 2 0 
1 0 2 0 0 0 0 0 10 0 0 0 0 0 0 0 3 0 0 0 
5 0 0 0 0 0 0 0 0 0 0 0 0 0 0 0 0 2 1 0 
0 5 0 0 0 2 0 0 0 0 0 0 0 0 0 0 0 0 1 0 


1 5 28 35 11 1 0 0 4 4 2 1 0 0 0 0 3 1 0 0 
40 1 0 0 0 1 0 2 0 4 0 0 3 1 0 0 0 0 3 0 
0 4 0 4 6 0 5 1 1 2 0 0 0 0 0 1 0 1 0 0 
1 6 1 1 5 2 8 1 0 0 3 0 0 0 0 0 0 0 0 0 
1 2 0 0 0 0 0 2 0 0 6 1 2 0 1 9 0 0 0 0 
11 6 1 0 2 1 0 1 0 0 0 2 0 0 0 0 0 3 0 0 
0 9 0 0 0 15 0 0 0 0 0 1 0 0 1 0 0 0 0 0 
0 18 0 0 0 5 0 0 0 0 0 3 0 0 0 0 0 0 0 0 
0 0 0 0 0 2 0 0 1 0 2 1 4 0 0 0 0 0 1 0 
0 0 0 0 0 0 4 11 0 0 0 0 0 0 0 1 0 0 0 2 
1 0 1 0 8 1 0 0 0 3 2 0 4 1 1 0 0 0 0 0 
7 0 0 0 0 0 0 0 0 1 0 0 0 0 0 0 0 5 0 0 
0 0 2 0 0 0 0 0 3 0 0 0 0 8 2 0 0 0 0 0 
0 1 1 0 0 0 1 2 0 2 0 0 1 0 0 0 0 0 0 1 
0 0 0 0 0 0 10 2 0 0 0 0 0 0 0 0 0 0 0 1 
1 2 0 1 0 0 0 0 0 0 0 0 1 2 0 0 0 0 0 0 
2 0 0 0 1 0 0 0 2 0 0 3 0 0 0 0 0 0 0 0 
2 0 1 0 0 0 0 0 7 0 0 0 0 0 0 0 0 0 1 0 
7 2 0 0 0 0 0 0 1 0 1 0 0 0 0 0 0 2 0 0 
0 1 0 0 0 1 0 0 0 0 0 0 0 0 0 0 0 0 1 0 